1 10.630000
2 10.310000
3 9.760000
4 10.440000
5 10.450000
6 10.050000
7 10.000000
8 10.000000
9 10.000000
10 9.990000
11 11.300000
12 10.420000
13 10.540000
14 10.400000
15 11.210000
16 12.530000
17 14.740000
18 17.600000
19 18.920000
20 18.680000
21 19.180000
22 18.360000
23 18.980000
24 18.730000
25 15.070000
26 20.390000
27 19.030000
28 20.790000
29 20.960000
30 19.870000
31 21.390000
32 23.020000
33 24.150000
34 26.720000
35 25.610000
36 27.690000
37 27.790000
38 28.350000
39 30.290000
40 32.360000
41 31.000000
42 31.540000
43 31.990000
44 32.810000
45 33.980000
46 35.620000
47 37.300000
48 35.790000
49 37.680000
50 37.560000
51 39.800000
52 39.310000
53 40.730000
54 40.390000
55 39.580000
56 41.040000
57 41.480000
58 39.610000
59 40.990000
60 43.550000
61 43.190000
62 42.360000
63 42.790000
64 44.030000
65 44.220000
66 44.760000
67 44.380000
68 45.450000
69 45.760000
70 45.670000
71 45.840000
72 45.300000
73 46.670000
74 47.060000
75 47.040000
76 47.370000
77 46.710000
78 47.800000
79 47.520000
80 47.900000
81 46.380000
82 48.700000
83 48.030000
84 48.370000
85 49.270000
86 48.670000
87 49.510000
88 49.050000
89 49.250000
90 48.970000
91 49.530000
92 48.860000
93 49.870000
94 49.070000
95 50.150000
96 49.740000
97 50.520000
98 49.720000
99 49.360000
100 49.580000
