1 13.980
2 12.520
3 16.110
4 17.190
5 25.600
6 36.750
7 42.380
8 55.380
9 59.690
10 67.900
11 68.940
12 70.660
13 74.050
14 76.200
15 75.850
16 77.330
17 77.390
18 77.230
19 80.120
20 80.420
21 80.040
22 83.350
23 82.030
24 83.670
25 82.940
26 82.460
27 84.420
28 83.470
29 84.900
30 83.870
31 85.340
32 85.830
33 84.570
34 85.540
35 86.190
36 86.140
37 85.410
38 86.510
39 85.870
40 86.700
41 86.680
42 86.750
43 86.400
44 86.800
45 86.780
46 87.600
47 87.750
48 86.980
49 87.250
50 88.220
51 88.610
52 87.870
53 88.320
54 88.950
55 88.330
56 88.610
57 88.560
58 89.110
59 88.930
60 88.560
61 89.120
62 88.950
63 88.730
64 89.500
65 88.920
66 88.870
67 88.950
68 89.690
69 88.680
70 89.320
