1 12.170000
2 13.790000
3 23.780000
4 28.560000
5 37.080000
6 41.310000
7 55.130000
8 57.490000
9 53.820000
10 63.040000
11 68.900000
12 69.580000
13 75.170000
14 73.240000
15 74.550000
16 78.610000
17 77.320000
18 73.030000
19 75.020000
20 76.610000
21 80.350000
22 79.780000
23 81.800000
24 82.040000
25 83.300000
26 83.290000
27 83.250000
28 83.420000
29 82.860000
30 85.220000
31 84.410000
32 84.720000
33 85.770000
34 84.070000
35 85.900000
36 85.410000
37 86.740000
38 85.380000
39 86.810000
40 86.320000
41 87.570000
42 87.220000
43 87.090000
44 87.150000
45 87.440000
46 87.240000
47 87.770000
48 87.750000
49 87.810000
50 88.080000
51 87.720000
52 88.310000
53 88.310000
54 88.400000
55 88.680000
56 88.060000
57 88.910000
58 88.390000
59 88.860000
60 88.800000
61 88.930000
62 88.770000
63 89.000000
64 88.970000
65 88.830000
66 88.910000
67 88.660000
68 88.700000
69 88.820000
70 89.160000
71 88.840000
72 89.040000
73 88.880000
74 89.080000
75 88.900000
76 89.340000
77 89.040000
78 89.080000
79 89.000000
80 88.940000
81 89.160000
82 89.130000
83 89.190000
84 89.030000
85 89.280000
86 89.090000
87 89.150000
88 89.080000
89 89.050000
90 89.010000
91 89.100000
92 89.040000
93 89.100000
94 89.110000
95 88.950000
96 89.130000
97 89.030000
98 89.110000
99 89.070000
100 88.920000
